  0.007000  -0.001470
  0.009899  -0.001521
  0.014000  -0.001442
  0.015652  -0.001481
  0.019799  -0.001502
  0.021000  -0.001575
  0.022136  -0.001434
  0.025239  -0.001487
  0.028000  -0.001482
  0.028862  -0.001470
  0.029698  -0.001470
  0.031305  -0.001509
  0.035000  -0.001480
  0.035693  -0.001504
  0.037696  -0.001461
  0.039598  -0.001510
  0.040817  -0.001455
  0.042000  -0.001404
  0.042579  -0.001478
  0.044272  -0.001518
  0.044822  -0.001432
  0.046957  -0.001391
  0.049000  -0.001484
  0.049497  -0.001477
  0.050478  -0.001339
  0.050961  -0.001407
  0.053310  -0.001466
  0.054672  -0.001344
  0.056000  -0.001660
  0.056436  -0.001432
  0.057723  -0.001450
  0.059397  -0.001408
  0.059808  -0.001450
  0.060216  -0.001186
  0.062610  -0.001463
  0.063000  -0.001659
  0.063388  -0.001745
  0.064537  -0.001203
  0.066038  -0.001490
  0.066408  -0.001112
  0.068942  -0.001251
  0.069296  -0.000968
  0.070000  -0.001285
  0.070349  -0.001044
  0.071386  -0.001254
  0.072069  -0.001096
  0.073082  -0.000909
  0.074411  -0.001088
  0.075392  -0.001002
  0.075717  -0.001188
  0.077000  -0.000797
  0.077318  -0.001038
  0.078262  -0.001023
  0.079196  -0.001043
  0.079812  -0.000998
  0.081633  -0.001045
  0.081933  -0.001024
  0.084000  -0.000906
  0.084291  -0.000950
  0.084581  -0.001199
  0.085159  -0.001029
  0.085446  -0.001124
  0.086585  -0.001089
  0.087710  -0.000956
  0.088544  -0.000993
  0.089095  -0.000938
  0.089644  -0.001065
  0.091000  -0.000926
  0.091269  -0.001033
  0.092071  -0.000829
  0.093392  -0.001066
  0.093915  -0.001094
  0.094175  -0.000999
  0.095210  -0.000903
  0.097247  -0.001185
  0.097499  -0.000977
  0.098000  -0.000924
  0.098250  -0.000826
  0.098995  -0.001220
  0.099489  -0.000915
  0.100225  -0.000913
  0.100955  -0.000838
  0.101922  -0.000911
  0.103354  -0.000923
  0.104062  -0.000998
  0.105000  -0.000938
  0.105233  -0.000954
  0.105929  -0.000986
  0.106621  -0.000908
  0.106850  -0.000822
  0.107079  -0.000994
  0.108669  -0.000946
  0.108894  -0.000660
  0.109343  -0.000821
  0.109567  -0.000842
  0.110680  -0.000916
  0.112000  -0.000827
  0.112219  -0.000930
  0.112872  -0.000892
  0.113088  -0.001023
  0.113952  -0.001029
  0.114809  -0.000930
  0.115447  -0.000762
  0.115871  -0.000817
  0.116503  -0.001073
  0.117341  -0.000826
  0.119000  -0.000856
  0.119206  -0.000730
  0.119616  -0.000746
  0.119821  -0.000790
  0.120433  -0.001073
  0.120839  -0.000863
  0.122250  -0.000710
  0.122450  -0.000978
  0.123843  -0.001155
  0.124040  -0.000848
  0.125220  -0.000701
  0.126000  -0.000822
  0.126194  -0.000837
  0.126775  -0.000820
  0.127738  -0.000825
  0.128503  -0.000741
  0.128693  -0.000775
  0.129074  -0.001079
  0.130208  -0.000738
  0.130771  -0.001026
  0.131518  -0.000587
  0.132816  -0.000916
  0.133000  -0.000604
  0.133184  -0.000251
  0.133735  -0.001027
  0.134466  -0.001144
  0.134648  -0.001071
  0.135192  -0.000796
  0.135915  -0.001094
  0.137528  -0.001040
  0.137884  -0.000754
  0.139474  -0.000958
  0.140000  -0.000232
  0.140175  -0.000904
  0.144309  -0.000127
  0.147000  -0.000191
  0.152882  -0.000230
  0.153522   0.000054
  0.154000  -0.000171
  0.154952  -0.000265
  0.156525  -0.000063
  0.157305  -0.000251
  0.159625  -0.000284
  0.159778  -0.000470
  0.161608  -0.000164
  0.162816  -0.000215
  0.169307  -0.000202
  0.170892  -0.000146
  0.172887  -0.000440
  0.173170   0.000075
  0.175000   0.000138
  0.175559  -0.000221
  0.177226  -0.000396
  0.178191  -0.000162
  0.178466  -0.000178
  0.179969  -0.000379
  0.181596  -0.000148
  0.190163  -0.000579
  0.191063  -0.000249
  0.192213  -0.000374
  0.192595  -0.000760
  0.193610  -0.000533
  0.194494  -0.000770
  0.195249  -0.000402
  0.196000  -0.000367
  0.196125  -0.000669
  0.196499  -0.000419
  0.197122  -0.000462
  0.197246  -0.000442
  0.197618  -0.000318
  0.197990  -0.000369
  0.199100  -0.000418
  0.199223  -0.000427
  0.200205  -0.000852
  0.200450  -0.000439
  0.201547  -0.000399
  0.202032  -0.000489
  0.203000  -0.000464
  0.203121  -0.000597
  0.203482  -0.000398
  0.203843  -0.000504
  0.204083  -0.000390
  0.204922  -0.000512
  0.205876  -0.000391
  0.205995  -0.000676
  0.206708  -0.000218
  0.207299  -0.000460
  0.208125  -0.000440
  0.208830  -0.000577
  0.209767  -0.000215
  0.210000  -0.000382
  0.210117  -0.000650
  0.210466  -0.000665
  0.210583  -0.000482
  0.211047  -0.000677
  0.211858  -0.000738
  0.212551  -0.000501
  0.212897  -0.000724
  0.214159  -0.000417
  0.214730  -0.000499
  0.215641  -0.000487
  0.216095  -0.000493
  0.217000  -0.000364
  0.217113  -0.000649
  0.217338  -0.000762
  0.217451  -0.000671
  0.218014  -0.000697
  0.219135  -0.000524
  0.219693  -0.000264
  0.222353  -0.000559
  0.223343  -0.000312
  0.224000  -0.000593
  0.224109  -0.000466
  0.225960  -0.000220
  0.228011  -0.000131
  0.231106  -0.000329
  0.231741  -0.000321
  0.232691  -0.000476
